$ANSIBLE_VAULT;1.1;AES256
65316661353035356438656664643135303530313637336239316235383565323233353332376431
6436366464313539376334346636653963613232336665310a633564663162383335363833356465
66636430383466356333363361333361656366363132663035623138353932353766333863656635
6635363939353032640a316438376134663533363166323339363239613865356230643339646136
34303037353533366165326461336666316536333565393665363639663564343735303231643264
61633732326465393035306634353264643461346561656239313834353235376132346662373632
31343833353931373735366138343538383631363330366363333139393561363239663138633033
64373164343736346339633537323339303433373736373566383563326638613430633464623362
61313231316134376633303466643363323835653433333363313233323531323765666564653162
63323936383335363239306335343461393665656261616433383963643031343033353534396261
62336637343336353430376461643366656332653330613332633633393936663036323561316561
33663339616263326535626332363562303366646561303030323466306662326130303330666264
32393833343937393435373739666139313730356334623762623332373739666637666230313334
38653438653265393063303961376236363937353264313861666434383564333631373439363136
30333136623261643566316635376435343935656465646534326366356330666338316332336264
35356136613934626333343731323237323630303066653337623564636437303035343735623237
61363039663766356261333162613561633534643965303365303263333630363836666463363039
37316464343437646335393139646561613034373339643661393339653361333139353961636463
34633661313731656439633166623538396261623830646662386466316334316236613433336235
33363536373635336637613965396364653932373962353636363432346135323665346437646233
31643232616261613839363237663266623031323261313965646632633363396233383236343532
62303632303339363837656337626530663933326634653166313564626631636238323136376238
66383436363361666238663562653131636662393161613139626263333739613030363439366264
61323263306532366464
